295 229
295 229
295 229
295 229
295 229
295 229
295 229
295 229
295 229
295 229
295 229
295 229
295 229
295 229
295 229
295 229
295 229
295 229
295 229
295 229
295 229
295 229
295 229
295 229
295 229
295 229
295 229
295 229
295 229
295 229
295 229
295 229
289 231
289 231
289 231
289 231
289 231
289 231
289 231
290 231
290 231
290 231
290 231
290 231
290 231
290 231
290 231
290 231
290 231
290 231
290 231
290 231
290 231
290 231
290 231
290 231
290 231
290 231
290 231
290 231
290 231
290 231
290 231
290 231
290 231
290 231
290 231
290 231
290 231
290 231
290 231
290 231
290 231
290 231
290 231
290 231
290 231
290 231
290 231
290 231
290 231
290 231
288 233
288 233
288 233
288 233
287 235
287 235
287 235
287 235
287 235
287 235
287 235
287 235
287 235
287 235
287 235
287 235
287 235
287 235
287 235
287 235
287 235
287 235
287 235
287 235
287 235
287 235
287 235
287 235
287 235
287 235
298 244
299 245
299 245
299 245
299 245
299 245
299 245
299 245
299 245
299 245
299 245
299 245
296 249
296 249
296 249
296 249
296 249
296 249
266 237
296 249
268 235
244 260
293 310
449 296
472 287
438 248
296 229
295 229
