0 0
1 0
2 0
3 0
4 0
5 1
6 1
7 2
8 3
8 4
9 5
9 6
9 7
9 8
9 9
10 8
11 8
12 7
13 7
14 7
15 8
16 8
16 9
17 10
17 11
17 12
16 13
16 14
15 15
16 16
16 17
16 18
16 19
16 20
16 21
16 22
16 23
16 24
15 25
15 26
15 27
14 28
13 29
12 30
11 31
10 32
9 33
8 33
7 33
6 34
5 34
4 34
3 34
2 34
1 34
0 34
-1 34
-2 34
-3 33
-4 33
-5 33
-6 32
-7 31
-8 30
-9 29
-10 28
-11 27
-11 26
-11 25
-12 24
-12 23
-12 22
-12 21
-12 20
-12 19
-12 18
-12 17
-12 16
-11 15
-12 14
-12 13
-13 12
-13 11
-13 10
-12 9
-12 8
-11 8
-10 7
-9 7
-8 7
-7 8
-6 8
-5 9
-5 8
-5 7
-5 6
-5 5
-4 4
-4 3
-3 2
-2 1
-1 1
0 0
