0 0
0 1
0 2
0 3
0 4
0 5
0 6
0 7
0 8
0 9
-1 10
-1 11
-1 12
-1 13
0 14
1 15
2 16
3 17
4 18
4 19
5 20
5 21
6 22
6 23
6 24
5 24
4 23
3 22
2 22
1 22
2 23
3 24
3 25
4 26
4 27
4 28
5 29
4 29
3 29
2 28
1 28
0 28
-1 28
0 29
1 30
1 31
1 32
2 33
2 34
2 35
2 36
1 35
0 34
-1 33
-2 32
-3 31
-3 32
-3 33
-3 34
-4 35
-4 34
-5 33
-5 32
-5 31
-5 30
-6 31
-7 32
-8 33
-8 34
-8 33
-8 32
-8 31
-7 30
-7 29
-6 28
-5 27
-6 27
-7 27
-8 27
-9 27
-10 28
-11 28
-10 27
-10 26
-9 25
-9 24
-8 23
-7 22
-8 22
-9 22
-10 22
-11 22
-12 23
-13 23
-12 22
-12 21
-11 20
-10 19
-9 18
-8 17
-7 16
-6 15
-5 15
-4 14
-3 14
-2 14
-2 13
-2 12
-1 11
-1 10
-1 9
-1 8
-1 7
-1 6
-1 5
-1 4
-1 3
-1 2
-1 1
-1 0
0 0

