1e+06 1.51834e+06 -1.75103e+06
1.1e+06 1.81682e+06 -970738
1.2e+06 2.14576e+06 -185666
1.3e+06 2.50115e+06 603787
1.4e+06 2.88494e+06 1.39728e+06
1.5e+06 3.30514e+06 2.19453e+06
1.6e+06 3.72692e+06 2.99528e+06
1.7e+06 4.20023e+06 3.79931e+06
1.8e+06 4.68851e+06 4.60643e+06
1.9e+06 5.2103e+06 5.41647e+06
2e+06 5.7533e+06 6.22928e+06
2.1e+06 6.53498e+06 7.04471e+06
2.2e+06 6.92668e+06 7.86264e+06
2.3e+06 7.55099e+06 8.68296e+06
2.4e+06 8.21178e+06 9.50556e+06
2.5e+06 8.88082e+06 1.03304e+07
2.6e+06 9.58876e+06 1.11572e+07
2.7e+06 1.03422e+07 1.19861e+07
2.8e+06 1.10983e+07 1.2817e+07
2.9e+06 1.18766e+07 1.36497e+07
3e+06 1.26873e+07 1.44843e+07
3.1e+06 1.35361e+07 1.53206e+07
3.2e+06 1.44217e+07 1.61585e+07
3.3e+06 1.53039e+07 1.69982e+07
3.4e+06 1.62265e+07 1.78394e+07
3.5e+06 1.71852e+07 1.86821e+07
3.6e+06 1.81599e+07 1.95264e+07
3.7e+06 1.91847e+07 2.03721e+07
3.8e+06 2.02035e+07 2.12193e+07
3.9e+06 2.12701e+07 2.20678e+07
4e+06 2.23795e+07 2.29176e+07
4.1e+06 2.34791e+07 2.37688e+07
4.2e+06 2.46136e+07 2.46213e+07
4.3e+06 2.577e+07 2.5475e+07
4.4e+06 2.72933e+07 2.63299e+07
4.5e+06 2.83533e+07 2.7186e+07
4.6e+06 2.94526e+07 2.80433e+07
4.7e+06 3.07251e+07 2.89018e+07
4.8e+06 3.20401e+07 2.97613e+07
4.9e+06 3.33775e+07 3.0622e+07
5e+06 3.47252e+07 3.14837e+07
