100 50840 -168305
120 37555 -69464.6
140 57192 19765.4
160 83686 101806
180 118785 179079
200 168395 254006
220 226499 329008
240 292863 406506
260 376893 488921
280 468699 578676
300 575901 678192
320 696603 789889
340 855740 916189
360 1.0202e+06 1.05951e+06
380 1.21088e+06 1.22229e+06
400 1.41613e+06 1.40692e+06
420 1.65363e+06 1.61585e+06
440 1.91415e+06 1.85149e+06
460 2.24733e+06 2.11626e+06
480 2.50054e+06 2.41258e+06
500 2.84731e+06 2.74287e+06
520 3.21724e+06 3.10957e+06
540 3.60433e+06 3.51507e+06
560 4.10508e+06 3.96182e+06
580 4.53714e+06 4.45223e+06
600 5.0635e+06 4.98871e+06
620 5.57494e+06 5.5737e+06
640 6.27292e+06 6.20962e+06
660 6.97234e+06 6.89888e+06
680 7.97146e+06 7.6439e+06
700 8.4167e+06 8.44712e+06
720 9.12254e+06 9.31094e+06
740 1.02298e+07 1.02378e+07
760 1.07711e+07 1.12301e+07
780 1.21179e+07 1.22903e+07
800 1.34296e+07 1.34208e+07
820 1.43181e+07 1.46239e+07
840 1.573e+07 1.59023e+07
860 1.71325e+07 1.72582e+07
880 1.88077e+07 1.8694e+07
900 1.99432e+07 2.02123e+07
920 2.216e+07 2.18154e+07
940 2.39976e+07 2.35057e+07
960 2.5454e+07 2.52857e+07
980 2.71285e+07 2.71578e+07
1000 2.89044e+07 2.91244e+07
