296 229
297 229
298 229
299 229
300 229
301 229
302 229
303 229
304 229
305 229
306 229
307 229
308 229
309 230
310 230
311 230
312 230
313 230
314 230
315 230
316 230
317 230
318 230
319 230
320 231
321 231
322 231
323 231
324 231
325 231
326 231
327 231
328 232
329 232
330 232
331 232
332 232
333 233
334 233
335 233
336 233
337 233
338 233
339 233
340 233
341 233
342 233
343 233
344 233
345 234
346 234
347 234
348 234
349 234
350 234
351 234
352 235
353 235
354 235
355 235
356 235
357 235
358 235
359 235
360 235
361 235
362 235
363 236
364 236
365 236
366 236
367 236
368 236
369 236
370 236
371 237
372 237
373 237
374 237
375 237
376 237
377 237
378 237
379 237
380 237
381 237
382 237
383 237
384 237
385 237
386 237
387 237
388 238
389 238
390 238
391 238
392 238
393 238
394 238
395 238
396 238
397 238
398 238
399 239
400 239
401 239
402 239
403 239
404 239
405 239
406 239
407 239
408 239
409 239
410 239
411 239
412 239
413 239
414 239
415 239
416 239
417 239
418 239
419 240
420 240
421 240
422 240
423 240
424 240
425 240
426 241
427 241
428 241
429 242
430 243
431 243
432 244
433 245
434 245
435 246
436 247
437 247
438 248
439 249
440 249
441 250
442 250
443 251
444 251
445 252
446 253
447 253
448 254
449 255
450 255
451 256
452 257
453 257
454 258
455 258
456 259
457 260
458 261
459 261
460 262
461 262
462 263
463 263
464 264
465 265
466 265
467 266
468 267
469 267
470 268
471 269
472 269
473 269
473 270
474 271
473 272
473 273
473 274
473 275
473 276
473 277
473 278
472 279
472 280
472 281
472 282
472 283
472 284
472 285
472 286
472 287
471 288
470 288
469 289
468 289
467 290
466 290
465 290
464 291
463 291
462 292
461 292
460 292
459 292
458 293
457 293
456 294
455 294
454 294
453 295
452 295
451 295
450 296
449 296
448 296
447 297
446 297
445 298
444 298
443 298
442 298
441 298
440 298
439 298
438 297
437 296
436 296
435 295
434 294
433 294
432 293
431 292
430 291
429 290
428 290
427 289
426 288
425 288
424 287
423 286
422 286
421 286
420 286
419 286
418 287
417 288
417 289
417 290
416 291
416 292
417 293
417 294
418 295
419 296
420 297
420 298
421 299
422 300
423 301
424 302
425 303
426 304
425 305
424 305
423 306
422 306
421 306
420 307
419 307
418 308
417 308
416 308
415 308
414 308
413 308
412 309
411 309
410 308
409 308
408 308
407 308
406 308
405 308
404 308
403 308
402 308
401 308
400 308
399 307
398 307
397 307
396 307
395 307
394 306
393 306
392 306
391 306
390 306
389 306
388 306
387 306
386 306
385 306
384 305
383 305
382 305
381 305
380 305
379 305
378 305
377 305
376 305
375 304
374 304
373 304
372 304
371 304
370 304
369 304
368 304
367 304
366 304
365 304
364 304
363 304
362 304
361 304
360 304
359 304
358 304
358 303
358 302
358 301
358 300
358 299
359 298
359 297
359 296
359 295
358 294
357 294
356 294
355 294
354 294
353 294
352 293
351 293
350 294
349 295
349 296
348 297
348 298
348 299
347 300
347 301
347 302
346 303
346 304
346 305
346 306
345 307
345 308
345 309
344 310
343 311
342 312
341 312
340 313
339 314
338 314
337 314
336 315
335 315
334 315
333 315
332 315
331 315
330 314
330 313
330 312
330 311
330 310
330 309
330 308
330 307
329 306
328 306
327 306
326 306
325 306
324 306
323 306
322 306
321 305
320 305
319 305
318 305
317 305
316 304
315 304
314 304
313 304
312 304
311 304
310 304
309 304
308 305
308 306
308 307
308 308
307 308
306 308
305 309
304 309
303 310
302 310
301 310
300 310
299 310
298 310
297 310
296 310
295 310
294 310
293 310
292 309
291 308
290 307
290 306
290 305
289 304
289 303
289 302
288 301
288 300
288 299
288 298
287 297
287 296
286 295
285 295
284 294
283 294
282 294
281 294
280 293
279 292
278 292
277 292
276 291
275 290
274 290
273 289
272 288
271 288
270 287
269 286
268 285
267 284
266 284
265 283
264 282
263 281
262 280
261 280
260 279
259 278
258 277
257 276
256 276
255 275
254 274
253 273
252 272
251 271
250 270
249 270
249 269
248 268
248 267
247 266
247 265
246 264
246 263
245 262
244 261
244 260
243 259
244 258
244 257
244 256
245 255
245 254
246 253
247 252
248 251
249 250
250 249
251 248
252 247
253 247
254 246
255 245
256 244
257 243
258 243
259 242
260 241
261 241
262 240
263 239
264 238
265 237
266 237
267 236
268 235
269 234
270 233
271 233
272 233
273 233
274 233
275 234
275 235
276 236
277 237
277 238
277 239
278 240
279 241
279 242
280 243
281 244
282 245
283 245
284 246
285 247
286 247
287 248
288 249
289 249
290 249
291 249
292 249
293 249
294 249
295 249
296 249
297 248
298 247
299 246
299 245
298 244
297 243
296 242
295 241
294 240
293 240
292 239
291 239
290 238
289 238
288 237
287 236
287 235
287 234
288 233
288 232
289 231
290 231
291 231
292 230
293 230
294 230
295 229
296 229
